Here are a few sudokus to test the code:

5 3 0 0 7 0 0 0 0
6 0 0 1 9 5 0 0 0
0 9 8 0 0 0 0 6 0
8 0 0 0 6 0 0 0 3
4 0 0 8 0 3 0 0 1
7 0 0 0 2 0 0 0 6
0 6 0 0 0 0 2 8 0
0 0 0 4 1 9 0 0 5
0 0 0 0 8 0 0 7 9

0 4 6 0 8 5 0 0 2
0 9 0 0 0 4 8 6 3
0 0 0 2 6 0 9 4 0
0 0 9 3 0 7 0 0 4
0 0 0 0 0 1 0 0 0
0 3 0 6 0 0 0 0 7
0 6 5 8 0 0 0 2 1
4 0 3 1 5 0 7 0 9
9 0 0 4 0 0 0 0 0

E C 0 0 6 0 F 0 0 3 5 0 7 0 0 0
0 0 G F 0 4 1 7 0 2 0 C 9 A 3 0
1 0 0 0 0 9 G 8 0 4 B D 0 0 0 0
0 A 0 9 D 5 3 0 0 G 0 E 0 0 4 8
0 0 B G 4 0 0 0 2 5 8 0 0 0 E 1
A F 0 0 7 0 9 G B 0 4 1 5 0 6 0
C 2 0 0 0 0 5 0 0 0 0 9 4 B G 0
9 0 5 4 0 1 0 0 C 7 F 0 8 0 0 0
0 5 0 E 0 G C F 3 6 0 2 0 0 B 0
0 6 A 0 0 E 0 5 0 D 9 0 3 C 7 0
F 4 3 B 0 0 0 0 0 0 A 5 0 0 8 2
0 D 2 C B 3 0 4 E 0 0 F 0 5 9 6
0 1 0 0 G A 2 9 D B E 7 0 0 0 0
0 0 E 0 0 6 B 0 G 0 0 8 D 0 0 3
0 0 0 0 F 0 4 0 A 0 3 6 2 E 1 0
0 0 D 0 C 0 0 0 0 0 0 4 0 6 0 0
